1 0.046 0.348 0.299 0.231 0.076 0.83
2 0.040 0.314 0.316 0.227 0.104 0.94
3 0.022 0.224 0.243 0.348 0.162 1.82
4 0.016 0.152 0.204 0.328 0.300 3.10
5 0.011 0.122 0.160 0.272 0.435 4.38
6 0.008 0.086 0.136 0.269 0.501 4.75
7 0.009 0.101 0.148 0.269 0.474 3.71
8 0.008 0.096 0.142 0.234 0.519 3.91
9 0.008 0.099 0.137 0.311 0.444 3.60
10 0.012 0.146 0.188 0.323 0.332 2.38
11 0.019 0.187 0.213 0.288 0.292 1.57
12 0.034 0.300 0.227 0.322 0.116 1.00
